4
24
5
18
20
23
6
8
5
21
15
25
14
7
7
5
13
6
5
20
7
7
1
14
8
3
4
14
11
23
5
6
17
17
23
24
22
9
20
8
22
15
5
7
1
25
10
21
22
9
3
17
18
9
24
4
19
14
6
7
12
3
2
14
25
16
12
6
13
9
13
17
22
22
6
8
6
10
25
19
7
24
23
18
14
1
8
7
2
11
12
22
23
25
13
4
16
5
24
16
17
7
18
15
19
14
6
22
14
8
15
10
15
8
8
2
1
14
14
22
18
9
15
5
22
17
17
1
21
15
12
22
12
3
8
13
7
18
4
20
5
4
22
21
10
17
20
21
15
3
5
25
25
7
6
17
3
15
17
11
17
16
24
23
13
13
25
13
23
3
11
8
17
11
19
19
17
12
17
3
11
25
4
21
25
13
10
13
15
5
24
24
3
13
8
2
5
10
16
21
7
1
22
25
5
20
19
16
1
15
1
8
3
4
14
2
2
24
9
16
11
11
13
12
7
25
2
25
12
23
19
25
7
1
11
17
4
4
12
3
3
20
7
19
6
18
9
22
15
13
21
16
24
17
6
8
12
13
19
9
7
13
2
9
16
17
8
12
11
21
10
9
19
12
17
5
14
11
2
18
11
23
8
22
11
19
13
6
11
18
6
12
20
16
1
23
13
1
2
17
11
17
4
16
10
9
25
22
20
9
14
9
4
13
3
16
6
3
15
24
10
11
22
25
17
8
15
25
21
6
15
9
20
13
3
17
14
16
13
18
20
9
7
4
4
14
15
25
7
7
20
6
9
9
19
5
8
24
2
21
10
20
8
17
6
8
16
13
25
25
14
11
24
21
19
20
8
3
10
12
14
1
9
13
4
13
9
22
6
2
24
8
10
16
21
8
2
8
1
5
5
7
11
25
13
9
4
4
18
8
4
7
19
24
2
11
14
1
2
10
9
19
23
17
9
23
16
21
22
19
13
9
23
12
18
16
5
9
23
3
11
9
1
2
21
4
3
21
25
5
14
18
6
1
15
10
7
1
13
18
12
7
11
13
18
10
24
12
7
4
11
20
11
25
18
2
23
21
18
1
1
22
23
2
18
17
23
21
21
18
6
13
17
22
18
3
1
9
21
15
13
13
18
25
23
18
8
4
3
13
4
12
23
21
5
13
11
2
3
23
25
4
2
4
21
5
20
22
10
4
17
25
22
21
8
22
13
16
23
14
23
19
22
4
24
11
5
9
5
23
7
9
14
5
1
7
9
4
11
18
9
2
10
10
4
3
4
7
17
22
5
25
19
1
16
1
19
21
12
11
1
20
17
7
5
14
6
4
16
19
11
19
25
22
11
4
2
15
18
25
3
25
6
1
3
12
1
17
2
12
10
4
3
23
1
4
16
6
13
17
6
19
13
5
10
1
3
1
25
3
12
8
17
5
4
25
2
19
14
20
14
9
18
25
21
9
8
7
1
11
14
10
11
9
5
6
2
19
10
3
12
5
8
8
6
15
4
8
12
1
21
22
5
9
10
10
17
7
12
1
10
16
14
17
19
23
1
12
10
7
20
12
3
19
20
24
5
3
12
25
25
11
2
9
19
11
16
23
3
21
1
2
11
11
6
8
16
7
5
2
4
10
4
24
6
16
4
21
24
20
19
8
20
21
2
22
15
15
16
20
15
13
7
19
5
3
21
12
12
17
20
16
19
14
20
13
23
16
8
17
6
23
5
25
22
12
6
20
11
10
6
15
13
7
2
7
10
18
23
25
21
15
7
8
9
10
18
23
4
13
11
10
5
25
17
13
15
17
23
23
11
6
22
25
22
24
22
4
12
23
7
25
22
21
9
16
2
9
19
13
3
5
8
15
16
25
25
20
6
11
1
10
15
17
1
25
25
11
14
25
15
6
25
24
6
11
7
15
15
9
14
6
25
18
12
12
17
7
23
24
18
15
3
21
16
7
9
25
18
11
15
15
15
3
5
18
25
17
10
22
25
25
10
4
23
20
21
16
9
22
22
15
6
11
8
24
25
2
16
9
25
18
4
9
5
25
24
15
1
20
8
8
16
21
14
6
9
16
11
2
15
5
17
9
1
5
5
2
23
22
7
2
16
10
25
13
14
3
14
6
21
23
16
20
15
18
5
4
9
24
20
24
13
22
25
23
1
4
12
12
11
2
11
23
8
17
18
5
2
6
5
2
12
19
2
6
11
5
6
10
25
5
19
19
8
8
16
8
21
23
7
14
4
16
3
5
18
5
17
12
